1 0.5953125 0.2703125 0.06875 0.115625
1 0.6875 0.2609375 0.07421875 0.1140625
1 0.20078125 0.13828125 0.09921875 0.1375
1 0.325 0.50703125 0.0875 0.14609375
1 0.425 0.52734375 0.07578125 0.1296875
1 0.6984375 0.465625 0.09453125 0.15390625
1 0.6875 0.62265625 0.0921875 0.1328125
1 0.54609375 0.4375 0.09609375 0.128125
1 0.58984375 0.55234375 0.10625 0.13984375
1 0.765625 0.21953125 0.075 0.1390625
1 0.1109375 0.1984375 0.11875 0.15
1 0.303125 0.30078125 0.0921875 0.11484375
1 0.40234375 0.3375 0.07109375 0.125
1 0.49375 0.31953125 0.08515625 0.12890625